$ 1 0.000005 382.76258214399064 43 5 43 5e-11
r 176 -240 176 -192 0 470
r 176 -48 176 0 0 470
r 176 64 176 112 0 470
162 176 -112 272 -112 2 default-led 1 0 0 0.01
162 176 0 240 0 2 default-led 1 0 0 0.01
162 176 112 240 112 2 default-led 1 0 0 0.01
a -144 -128 -32 -128 8 10 0 1000000 6.999999999999999 8.709566132398322 100000
a -144 -48 -32 -48 8 10 0 1000000 8 8.709566132398322 100000
a -128 64 -16 64 8 10 0 1000000 9 8.709566132398322 100000
R -608 -208 -656 -208 0 0 40 10 0 0 0.5
w -144 -112 -176 -112 0
w -176 -112 -176 -32 0
w -176 -32 -144 -32 0
w -176 -32 -176 80 0
w -176 80 -128 80 0
w -32 -128 32 -128 0
w -32 -48 176 -48 0
w -16 64 176 64 0
w -176 80 -176 192 0
162 176 -192 256 -192 2 default-led 1 0 0 0.01
w 176 -240 128 -224 0
w -384 -208 -448 -208 0
g -656 272 -656 320 0 0
a -624 176 -528 176 9 10 0 1000000 2.903188710790289 2.903225806451613 100000
w -704 160 -624 160 0
w -656 224 -656 272 0
w -544 224 -528 176 0
w -528 176 -176 192 0
w -624 192 -624 224 0
r -624 224 -544 224 0 2000
r -624 192 -656 192 0 1000
w -656 192 -656 224 0
r -816 272 -816 224 0 44000
w -784 224 -816 224 0
r -784 224 -704 224 0 18000
g -704 224 -704 272 0 0
w -704 160 -784 160 0
w -784 160 -784 224 0
w -448 -208 -608 -208 0
w -608 -208 -608 -32 0
w -608 -32 -896 -32 0
w -896 -32 -896 320 0
w -896 320 -816 320 0
w -816 320 -816 272 0
g 256 -192 256 -160 0 0
r 32 -128 176 -112 0 470
g 272 -112 272 -80 0 0
g 240 0 240 32 0 0
g 240 112 240 160 0 0
r -448 -208 -448 -128 0 3000
r -448 -128 -448 -80 0 7000
g -448 -80 -448 -64 0 0
w -448 -128 -144 -144 0
r -384 -208 -384 -96 0 2000
r -384 -96 -384 0 0 8000
w -384 -96 -144 -64 0
g -384 0 -384 16 0 0
w -384 -208 -320 -208 0
r -320 -208 -320 0 0 1000
r -320 0 -320 144 0 9000
w -320 0 -128 48 0
g -320 144 -320 160 0 0
w -320 -208 128 -224 0
